3 0.5861618798955613 0.3157894736842105 0.07049608355091384 0.07430340557275542
3 0.5234986945169713 0.26625386996904027 0.06527415143603134 0.0804953560371517
3 0.597911227154047 0.26625386996904027 0.057441253263707574 0.06811145510835913
3 0.6540469973890339 0.2693498452012384 0.05483028720626632 0.07430340557275542
3 0.685378590078329 0.2755417956656347 0.04960835509138381 0.06811145510835913
3 0.8276762402088773 0.3235294117647059 0.05221932114882506 0.058823529411764705
3 0.5430809399477807 0.06037151702786378 0.057441253263707574 0.07120743034055728
3 0.07180156657963446 0.34055727554179566 0.044386422976501305 0.06191950464396285
3 0.2741514360313316 0.6594427244582043 0.057441253263707574 0.06191950464396285
3 0.674934725848564 0.5356037151702786 0.04960835509138381 0.06811145510835913
3 0.556135770234987 0.7306501547987616 0.06788511749347259 0.06191950464396285
3 0.814621409921671 0.958204334365325 0.0731070496083551 0.07120743034055728
3 0.7010443864229765 0.978328173374613 0.04960835509138381 0.043343653250773995
3 0.22845953002610966 0.02786377708978328 0.05483028720626632 0.04953560371517028
