3 0.22559366754617413 0.32229965156794427 0.05013192612137203 0.059233449477351915
3 0.35356200527704484 0.07317073170731707 0.047493403693931395 0.0627177700348432
3 0.40633245382585753 0.11846689895470383 0.052770448548812667 0.0627177700348432
3 0.45382585751978893 0.06445993031358885 0.0633245382585752 0.07317073170731707
3 0.7189973614775725 0.11846689895470383 0.05013192612137203 0.0627177700348432
3 0.40369393139841686 0.30662020905923343 0.047493403693931395 0.0627177700348432
3 0.5158311345646438 0.5749128919860628 0.05013192612137203 0.0627177700348432
3 0.32717678100263853 0.7142857142857143 0.047493403693931395 0.06968641114982578
3 0.19656992084432717 0.8344947735191638 0.05013192612137203 0.059233449477351915
3 0.1820580474934037 0.7613240418118467 0.04221635883905013 0.059233449477351915
3 0.41688654353562005 0.8501742160278746 0.04221635883905013 0.07665505226480836
3 0.391820580474934 0.7613240418118467 0.044854881266490766 0.07317073170731707
3 0.0316622691292876 0.21777003484320556 0.047493403693931395 0.07317073170731707
3 0.6649076517150396 0.6132404181184669 0.052770448548812667 0.0627177700348432
3 0.554089709762533 0.6986062717770035 0.047493403693931395 0.06620209059233449
3 0.8179419525065963 0.5853658536585366 0.05804749340369393 0.0627177700348432
3 0.8232189973614775 0.6567944250871081 0.052770448548812667 0.06620209059233449
3 0.741424802110818 0.8832752613240418 0.047493403693931395 0.07317073170731707
3 0.8390501319261213 0.8414634146341463 0.047493403693931395 0.06620209059233449
3 0.8891820580474934 0.8205574912891986 0.052770448548812667 0.059233449477351915
3 0.9564643799472295 0.5226480836236934 0.055408970976253295 0.0627177700348432
3 0.9327176781002638 0.18466898954703834 0.05013192612137203 0.0627177700348432
3 0.8944591029023746 0.41289198606271776 0.052770448548812667 0.06620209059233449
3 0.13852242744063326 0.9303135888501742 0.05013192612137203 0.06968641114982578
3 0.5949868073878628 0.9686411149825784 0.055408970976253295 0.05574912891986063
