3 0.9699248120300752 0.22676579925650558 0.040100250626566414 0.07434944237918216
3 0.9398496240601504 0.45539033457249073 0.045112781954887216 0.06319702602230483
3 0.9411027568922306 0.5724907063197026 0.03759398496240601 0.05947955390334572
3 0.949874686716792 0.9516728624535316 0.045112781954887216 0.07434944237918216
3 0.8972431077694235 0.11895910780669144 0.040100250626566414 0.06691449814126393
3 0.9273182957393483 0.3141263940520446 0.045112781954887216 0.06319702602230483
3 0.7619047619047619 0.2379182156133829 0.040100250626566414 0.05947955390334572
3 0.8320802005012531 0.36059479553903345 0.045112781954887216 0.06691449814126393
3 0.7218045112781954 0.6245353159851301 0.03508771929824561 0.05947955390334572
3 0.8847117794486216 0.7788104089219331 0.03508771929824561 0.055762081784386616
3 0.8546365914786967 0.9535315985130112 0.040100250626566414 0.06319702602230483
3 0.7907268170426065 0.7063197026022305 0.042606516290726815 0.06691449814126393
3 0.6115288220551378 0.6877323420074349 0.06015037593984962 0.07434944237918216
3 0.5726817042606517 0.4851301115241636 0.042606516290726815 0.055762081784386616
3 0.6203007518796992 0.4944237918215613 0.042606516290726815 0.05947955390334572
3 0.49122807017543857 0.5929368029739777 0.045112781954887216 0.07063197026022305
3 0.29448621553884713 0.637546468401487 0.03759398496240601 0.06319702602230483
3 0.37719298245614036 0.6133828996282528 0.047619047619047616 0.07434944237918216
3 0.22932330827067668 0.570631970260223 0.042606516290726815 0.06319702602230483
3 0.6453634085213033 0.0762081784386617 0.042606516290726815 0.055762081784386616
3 0.2581453634085213 0.08178438661710037 0.045112781954887216 0.06691449814126393
3 0.20551378446115287 0.13011152416356878 0.045112781954887216 0.06691449814126393
3 0.3659147869674185 0.37732342007434944 0.045112781954887216 0.07063197026022305
