3 0.09973753280839895 0.15789473684210525 0.04199475065616798 0.07017543859649122
3 0.3123359580052493 0.07719298245614035 0.047244094488188976 0.056140350877192984
3 0.5853018372703412 0.06491228070175438 0.047244094488188976 0.05964912280701754
3 0.2887139107611549 0.543859649122807 0.047244094488188976 0.056140350877192984
3 0.431758530183727 0.5701754385964912 0.049868766404199474 0.06666666666666667
3 0.4816272965879265 0.5824561403508772 0.04461942257217848 0.07719298245614035
3 0.5078740157480315 0.5 0.05511811023622047 0.06666666666666667
3 0.6811023622047244 0.47368421052631576 0.049868766404199474 0.06315789473684211
3 0.8490813648293963 0.5280701754385965 0.04461942257217848 0.07368421052631578
3 0.9041994750656168 0.49298245614035086 0.04461942257217848 0.05964912280701754
3 0.84251968503937 0.6614035087719298 0.05774278215223097 0.05964912280701754
3 0.8280839895013123 0.7315789473684211 0.049868766404199474 0.05964912280701754
3 0.910761154855643 0.8473684210526315 0.04199475065616798 0.07368421052631578
3 0.3188976377952756 0.6035087719298246 0.04461942257217848 0.056140350877192984
3 0.3779527559055118 0.4543859649122807 0.047244094488188976 0.06666666666666667
3 0.562992125984252 0.2754385964912281 0.03937007874015748 0.05263157894736842
3 0.6246719160104987 0.2982456140350877 0.047244094488188976 0.056140350877192984
3 0.7034120734908137 0.2807017543859649 0.05249343832020997 0.07017543859649122
3 0.42650918635170604 0.9087719298245615 0.03937007874015748 0.06315789473684211
3 0.30577427821522307 0.9543859649122807 0.05511811023622047 0.056140350877192984
3 0.905511811023622 0.36666666666666664 0.05774278215223097 0.05964912280701754
3 0.10761154855643044 0.32105263157894737 0.06299212598425197 0.06666666666666667
3 0.44750656167979 0.7631578947368421 0.04461942257217848 0.07368421052631578
