3 0.048556430446194225 0.14912280701754385 0.06036745406824147 0.06666666666666667
3 0.17454068241469817 0.05263157894736842 0.05511811023622047 0.07017543859649122
3 0.3858267716535433 0.12631578947368421 0.047244094488188976 0.07017543859649122
3 0.1732283464566929 0.30526315789473685 0.05249343832020997 0.056140350877192984
3 0.09186351706036745 0.4105263157894737 0.05249343832020997 0.056140350877192984
3 0.0984251968503937 0.8614035087719298 0.04461942257217848 0.05964912280701754
3 0.33070866141732286 0.2929824561403509 0.05249343832020997 0.08070175438596491
3 0.4015748031496063 0.37719298245614036 0.05774278215223097 0.06666666666666667
3 0.6496062992125984 0.41403508771929826 0.049868766404199474 0.07017543859649122
3 0.6955380577427821 0.2771929824561403 0.047244094488188976 0.07017543859649122
3 0.8595800524934383 0.3912280701754386 0.04461942257217848 0.07368421052631578
3 0.8543307086614174 0.30526315789473685 0.04461942257217848 0.07017543859649122
3 0.5551181102362205 0.07368421052631578 0.049868766404199474 0.06315789473684211
3 0.7493438320209974 0.6175438596491228 0.06036745406824147 0.06315789473684211
3 0.6076115485564304 0.5105263157894737 0.04461942257217848 0.06666666666666667
3 0.5078740157480315 0.6298245614035087 0.04461942257217848 0.05964912280701754
3 0.47244094488188976 0.4368421052631579 0.05249343832020997 0.06666666666666667
3 0.9566929133858267 0.18596491228070175 0.06036745406824147 0.07017543859649122
3 0.6496062992125984 0.9473684210526315 0.06036745406824147 0.06315789473684211
3 0.963254593175853 0.6754385964912281 0.04199475065616798 0.07368421052631578
3 0.3438320209973753 0.8333333333333334 0.047244094488188976 0.08070175438596491
0 0.5551181102362205 0.756140350877193 0.04461942257217848 0.05964912280701754
