3 0.287598944591029 0.06426332288401254 0.05804749340369393 0.05956112852664577
3 0.46965699208443273 0.2335423197492163 0.06860158311345646 0.07210031347962383
3 0.35092348284960423 0.33699059561128525 0.05804749340369393 0.07210031347962383
3 0.3839050131926121 0.4373040752351097 0.06068601583113457 0.06583072100313479
3 0.8733509234828496 0.2335423197492163 0.047493403693931395 0.07210031347962383
3 0.9525065963060686 0.4090909090909091 0.07387862796833773 0.06583072100313479
3 0.9036939313984169 0.44043887147335425 0.06596306068601583 0.06583072100313479
3 0.6596306068601583 0.658307210031348 0.0633245382585752 0.07523510971786834
3 0.22823218997361477 0.6786833855799373 0.06596306068601583 0.06583072100313479
3 0.2532981530343008 0.829153605015674 0.052770448548812667 0.05956112852664577
3 0.5197889182058048 0.8840125391849529 0.05804749340369393 0.06896551724137931
3 0.2532981530343008 0.3322884012539185 0.047493403693931395 0.05642633228840126
3 0.712401055408971 0.29780564263322884 0.0633245382585752 0.06896551724137931
