3 0.31772151898734174 0.6546546546546547 0.05822784810126582 0.06006006006006006
3 0.4759493670886076 0.5105105105105106 0.060759493670886074 0.07807807807807808
3 0.5379746835443038 0.48348348348348347 0.05822784810126582 0.07207207207207207
3 0.6113924050632912 0.5735735735735735 0.05822784810126582 0.07207207207207207
3 0.4 0.4264264264264264 0.06582278481012659 0.07807807807807808
3 0.8037974683544303 0.18018018018018017 0.05822784810126582 0.07207207207207207
3 0.8151898734177215 0.06006006006006006 0.06582278481012659 0.06606606606606606
3 0.14430379746835442 0.6336336336336337 0.06582278481012659 0.06606606606606606
3 0.810126582278481 0.33483483483483484 0.06582278481012659 0.07507507507507508
3 0.8645569620253165 0.33183183183183185 0.053164556962025315 0.06906906906906907
3 0.9227848101265823 0.38288288288288286 0.05822784810126582 0.057057057057057055
3 0.5481012658227848 0.9084084084084084 0.04810126582278481 0.06906906906906907
