3 0.6590361445783133 0.8846153846153846 0.05542168674698795 0.06072874493927125
3 0.8843373493975903 0.354251012145749 0.043373493975903614 0.07692307692307693
3 0.3024096385542169 0.4271255060728745 0.04578313253012048 0.06882591093117409
3 0.8012048192771084 0.05465587044534413 0.04578313253012048 0.07692307692307693
3 0.6602409638554216 0.09919028340080972 0.04819277108433735 0.07692307692307693
3 0.3614457831325301 0.32793522267206476 0.04819277108433735 0.09716599190283401
3 0.04096385542168675 0.19230769230769232 0.043373493975903614 0.07692307692307693
3 0.13132530120481928 0.8380566801619433 0.05060240963855422 0.0728744939271255
3 0.3228915662650602 0.022267206477732792 0.033734939759036145 0.03643724696356275
3 0.2891566265060241 0.018218623481781375 0.02891566265060241 0.02834008097165992
