3 0.3638814016172507 0.4712460063897764 0.05390835579514825 0.054313099041533544
3 0.408355795148248 0.4792332268370607 0.04582210242587601 0.051118210862619806
3 0.431266846361186 0.43450479233226835 0.0431266846361186 0.051118210862619806
3 0.7533692722371967 0.26517571884984026 0.05121293800539083 0.07028753993610223
3 0.6630727762803235 0.5047923322683706 0.05929919137466307 0.06389776357827476
3 0.7439353099730458 0.4584664536741214 0.05390835579514825 0.0670926517571885
3 0.7547169811320755 0.3913738019169329 0.05929919137466307 0.054313099041533544
3 0.921832884097035 0.3993610223642173 0.05929919137466307 0.08306709265175719
3 0.9649595687331537 0.46325878594249204 0.04851752021563342 0.05750798722044728
3 0.4110512129380054 0.5718849840255591 0.05660377358490566 0.06389776357827476
3 0.2358490566037736 0.8833865814696485 0.0673854447439353 0.0670926517571885
3 0.8787061994609164 0.8690095846645367 0.05929919137466307 0.06389776357827476
3 0.40431266846361186 0.03354632587859425 0.07008086253369272 0.06070287539936102
3 0.431266846361186 0.8146964856230032 0.04851752021563342 0.051118210862619806
