3 0.10381861575178998 0.26693227091633465 0.050119331742243436 0.0796812749003984
3 0.8460620525059666 0.9023904382470119 0.045346062052505964 0.06772908366533864
3 0.8747016706443914 0.9262948207171314 0.045346062052505964 0.08366533864541832
3 0.8973747016706444 0.8147410358565738 0.04295942720763723 0.07569721115537849
3 0.7816229116945107 0.6434262948207171 0.045346062052505964 0.06772908366533864
3 0.6467780429594272 0.6912350597609562 0.04295942720763723 0.06772908366533864
3 0.6646778042959427 0.30876494023904383 0.05489260143198091 0.08366533864541832
3 0.301909307875895 0.4860557768924303 0.045346062052505964 0.0796812749003984
3 0.09904534606205251 0.5278884462151394 0.0405727923627685 0.06772908366533864
3 0.27804295942720764 0.5976095617529881 0.031026252983293555 0.08764940239043825
3 0.30668257756563244 0.6254980079681275 0.045346062052505964 0.06374501992031872
3 0.4009546539379475 0.3426294820717131 0.03818615751789976 0.08764940239043825
3 0.026252983293556086 0.8147410358565738 0.0477326968973747 0.08366533864541832
3 0.35441527446300713 0.9223107569721115 0.045346062052505964 0.099601593625498
3 0.5894988066825776 0.5637450199203188 0.05250596658711217 0.08366533864541832
