3 0.5286783042394015 0.4003690036900369 0.04488778054862843 0.07011070110701106
3 0.5012468827930174 0.4151291512915129 0.034912718204488775 0.06273062730627306
3 0.8778054862842892 0.29704797047970477 0.0399002493765586 0.07011070110701106
3 0.8753117206982544 0.025830258302583026 0.0399002493765586 0.04428044280442804
3 0.8092269326683291 0.4280442804428044 0.03740648379052369 0.05904059040590406
3 0.8179551122194514 0.540590405904059 0.04488778054862843 0.07011070110701106
3 0.5785536159600998 0.7084870848708487 0.04987531172069826 0.07380073800738007
3 0.4077306733167082 0.30996309963099633 0.04239401496259352 0.05904059040590406
3 0.4625935162094763 0.2158671586715867 0.04738154613466334 0.06273062730627306
3 0.5037406483790524 0.16605166051660517 0.04488778054862843 0.05166051660516605
3 0.3640897755610973 0.025830258302583026 0.05486284289276808 0.04428044280442804
3 0.034912718204488775 0.38191881918819187 0.04488778054862843 0.055350553505535055
3 0.15586034912718205 0.6752767527675276 0.04738154613466334 0.08856088560885608
3 0.026184538653366583 0.6328413284132841 0.04239401496259352 0.06273062730627306
3 0.1396508728179551 0.17712177121771217 0.04488778054862843 0.06642066420664207
3 0.3117206982543641 0.35977859778597787 0.04987531172069826 0.06273062730627306
3 0.7169576059850374 0.7988929889298892 0.05236907730673317 0.07011070110701106
3 0.672069825436409 0.7546125461254612 0.05236907730673317 0.07011070110701106
3 0.4850374064837905 0.6974169741697417 0.04239401496259352 0.05904059040590406
