3 0.043701799485861184 0.5978593272171254 0.04627249357326478 0.0581039755351682
3 0.14267352185089974 0.8685015290519877 0.05398457583547558 0.05504587155963303
3 0.20179948586118251 0.8807339449541285 0.05912596401028278 0.07339449541284404
3 0.32390745501285345 0.8776758409785933 0.061696658097686374 0.0856269113149847
3 0.38817480719794345 0.09174311926605505 0.06683804627249357 0.0672782874617737
3 0.6079691516709511 0.12844036697247707 0.05912596401028278 0.07951070336391437
3 0.6580976863753213 0.10856269113149847 0.05141388174807198 0.0764525993883792
3 0.9061696658097687 0.22629969418960244 0.04884318766066838 0.0672782874617737
3 0.6838046272493573 0.9159021406727829 0.05141388174807198 0.07033639143730887
3 0.8161953727506427 0.6880733944954128 0.05398457583547558 0.07339449541284404
