3 0.35013262599469497 0.298932384341637 0.042440318302387266 0.07829181494661921
3 0.2480106100795756 0.18149466192170818 0.04509283819628647 0.06405693950177936
3 0.0610079575596817 0.2597864768683274 0.04774535809018567 0.07829181494661921
3 0.15782493368700265 0.4483985765124555 0.03978779840848806 0.0711743772241993
3 0.20954907161803712 0.5266903914590747 0.04774535809018567 0.05693950177935943
3 0.3090185676392573 0.6370106761565836 0.04509283819628647 0.06405693950177936
3 0.01989389920424403 0.6957295373665481 0.034482758620689655 0.07473309608540925
3 0.4562334217506631 0.5320284697508897 0.042440318302387266 0.07473309608540925
3 0.4827586206896552 0.6156583629893239 0.05305039787798409 0.06405693950177936
3 0.7586206896551724 0.3932384341637011 0.04774535809018567 0.08896797153024912
3 0.8713527851458885 0.30604982206405695 0.050397877984084884 0.0711743772241993
3 0.8938992042440318 0.2402135231316726 0.0636604774535809 0.06761565836298933
3 0.4442970822281167 0.33451957295373663 0.050397877984084884 0.0711743772241993
3 0.4363395225464191 0.7437722419928826 0.050397877984084884 0.06405693950177936
3 0.5954907161803713 0.7633451957295374 0.04509283819628647 0.06761565836298933
3 0.5729442970822282 0.8327402135231317 0.05305039787798409 0.0711743772241993
3 0.9442970822281167 0.5925266903914591 0.0636604774535809 0.08185053380782918
3 0.8461538461538461 0.7064056939501779 0.05305039787798409 0.07473309608540925
3 0.8236074270557029 0.7864768683274022 0.050397877984084884 0.0711743772241993
3 0.9283819628647215 0.9430604982206405 0.058355437665782495 0.0711743772241993
3 0.3183023872679045 0.9750889679715302 0.0636604774535809 0.0498220640569395
