3 0.3346456692913386 0.02280701754385965 0.03937007874015748 0.03859649122807018
3 0.431758530183727 0.08947368421052632 0.049868766404199474 0.06666666666666667
3 0.6811023622047244 0.11578947368421053 0.03937007874015748 0.06315789473684211
3 0.6141732283464567 0.21754385964912282 0.047244094488188976 0.06315789473684211
3 0.25065616797900264 0.23859649122807017 0.04461942257217848 0.06315789473684211
3 0.05249343832020997 0.3087719298245614 0.04199475065616798 0.07017543859649122
3 0.01837270341207349 0.3543859649122807 0.031496062992125984 0.07719298245614035
3 0.20078740157480315 0.3649122807017544 0.04461942257217848 0.056140350877192984
3 0.14435695538057744 0.3526315789473684 0.047244094488188976 0.07368421052631578
3 0.2650918635170604 0.44035087719298244 0.05249343832020997 0.05964912280701754
3 0.3293963254593176 0.4192982456140351 0.04461942257217848 0.05964912280701754
3 0.35170603674540685 0.5280701754385965 0.05249343832020997 0.06666666666666667
3 0.08398950131233596 0.6701754385964912 0.047244094488188976 0.06315789473684211
3 0.17191601049868765 0.6614035087719298 0.049868766404199474 0.05964912280701754
3 0.3083989501312336 0.7912280701754386 0.049868766404199474 0.06666666666666667
3 0.28346456692913385 0.9263157894736842 0.05249343832020997 0.07017543859649122
3 0.06299212598425197 0.8543859649122807 0.047244094488188976 0.06666666666666667
3 0.6141732283464567 0.8403508771929824 0.05249343832020997 0.05263157894736842
3 0.547244094488189 0.8701754385964913 0.03937007874015748 0.056140350877192984
3 0.6207349081364829 0.9596491228070175 0.04461942257217848 0.05964912280701754
3 0.7979002624671916 0.9350877192982456 0.047244094488188976 0.07368421052631578
3 0.7585301837270341 0.8789473684210526 0.047244094488188976 0.08070175438596491
3 0.7992125984251969 0.7385964912280701 0.049868766404199474 0.07368421052631578
3 0.7493438320209974 0.7982456140350878 0.049868766404199474 0.06666666666666667
3 0.963254593175853 0.7789473684210526 0.047244094488188976 0.06315789473684211
3 0.5380577427821522 0.2894736842105263 0.047244094488188976 0.05964912280701754
3 0.5853018372703412 0.34035087719298246 0.05774278215223097 0.056140350877192984
3 0.4763779527559055 0.5596491228070175 0.05511811023622047 0.06666666666666667
3 0.42913385826771655 0.6736842105263158 0.049868766404199474 0.06315789473684211
3 0.4435695538057743 0.4842105263157895 0.04199475065616798 0.07719298245614035
3 0.3963254593175853 0.4631578947368421 0.047244094488188976 0.07017543859649122
3 0.22440944881889763 0.6649122807017543 0.04461942257217848 0.05964912280701754
3 0.8569553805774278 0.1456140350877193 0.049868766404199474 0.06666666666666667
3 0.21128608923884515 0.3017543859649123 0.04461942257217848 0.06315789473684211
3 0.7650918635170604 0.5210526315789473 0.049868766404199474 0.07368421052631578
