3 0.31070496083550914 0.1780185758513932 0.0731070496083551 0.07739938080495357
3 0.0926892950391645 0.40092879256965946 0.06005221932114883 0.06501547987616099
3 0.8877284595300261 0.6640866873065016 0.06788511749347259 0.07120743034055728
3 0.8772845953002611 0.7770897832817337 0.06266318537859007 0.07430340557275542
3 0.7493472584856397 0.21826625386996903 0.04699738903394256 0.08359133126934984
3 0.8655352480417755 0.14705882352941177 0.05483028720626632 0.07120743034055728
3 0.4908616187989556 0.3188854489164087 0.05221932114882506 0.05572755417956656
3 0.14882506527415143 0.2678018575851393 0.06788511749347259 0.07120743034055728
3 0.7650130548302873 0.47832817337461303 0.05221932114882506 0.058823529411764705
3 0.5613577023498695 0.22136222910216719 0.057441253263707574 0.06501547987616099
