0 0.5162907268170426 0.5539033457249071 0.05012531328320802 0.05947955390334572
3 0.8759398496240601 0.775092936802974 0.047619047619047616 0.09293680297397769
3 0.8345864661654135 0.828996282527881 0.05012531328320802 0.07434944237918216
3 0.9235588972431078 0.9275092936802974 0.042606516290726815 0.055762081784386616
3 0.6127819548872181 0.8773234200743495 0.047619047619047616 0.05204460966542751
3 0.7205513784461153 0.8847583643122676 0.047619047619047616 0.05947955390334572
3 0.7719298245614035 0.8921933085501859 0.045112781954887216 0.05947955390334572
3 0.7794486215538847 0.7806691449814126 0.040100250626566414 0.06691449814126393
3 0.7882205513784462 0.6970260223048327 0.03759398496240601 0.055762081784386616
3 0.6842105263157895 0.45353159851301117 0.045112781954887216 0.05947955390334572
3 0.768170426065163 0.2211895910780669 0.03759398496240601 0.06319702602230483
3 0.8859649122807017 0.022304832713754646 0.05263157894736842 0.03717472118959108
3 0.525062656641604 0.7992565055762082 0.042606516290726815 0.05947955390334572
3 0.6215538847117794 0.34944237918215615 0.040100250626566414 0.06691449814126393
3 0.35213032581453635 0.26579925650557623 0.05764411027568922 0.07063197026022305
3 0.40350877192982454 0.20817843866171004 0.040100250626566414 0.05947955390334572
3 0.2556390977443609 0.040892193308550186 0.040100250626566414 0.05947955390334572
3 0.22180451127819548 0.5315985130111525 0.047619047619047616 0.07434944237918216
3 0.17543859649122806 0.46096654275092935 0.040100250626566414 0.05204460966542751
