3 0.20757180156657964 0.4738675958188153 0.044386422976501305 0.06968641114982578
3 0.3981723237597911 0.7073170731707317 0.044386422976501305 0.06968641114982578
3 0.16971279373368145 0.8954703832752613 0.04177545691906005 0.0627177700348432
3 0.20234986945169714 0.9494773519163763 0.04960835509138381 0.08013937282229965
3 0.13838120104438642 0.7787456445993032 0.05221932114882506 0.06620209059233449
3 0.17362924281984335 0.7264808362369338 0.05483028720626632 0.08710801393728224
3 0.13315926892950392 0.1445993031358885 0.05221932114882506 0.06620209059233449
3 0.6462140992167101 0.4808362369337979 0.04960835509138381 0.09059233449477352
3 0.566579634464752 0.5644599303135889 0.04699738903394256 0.06968641114982578
3 0.6344647519582245 0.6463414634146342 0.057441253263707574 0.07317073170731707
3 0.5822454308093995 0.14111498257839722 0.057441253263707574 0.06620209059233449
3 0.5704960835509139 0.2735191637630662 0.06005221932114883 0.06620209059233449
3 0.912532637075718 0.9668989547038328 0.06527415143603134 0.059233449477351915
3 0.9268929503916449 0.7473867595818815 0.057441253263707574 0.06620209059233449
3 0.3720626631853786 0.31881533101045295 0.04960835509138381 0.06620209059233449
3 0.402088772845953 0.26306620209059234 0.04699738903394256 0.059233449477351915
3 0.5091383812010444 0.9094076655052264 0.04699738903394256 0.06968641114982578
