3 0.14025974025974025 0.20153846153846153 0.06233766233766234 0.07076923076923076
3 0.05844155844155844 0.17846153846153845 0.05974025974025974 0.055384615384615386
3 0.10909090909090909 0.6215384615384615 0.046753246753246755 0.055384615384615386
3 0.12077922077922078 0.943076923076923 0.06493506493506493 0.06461538461538462
3 0.6415584415584416 0.6046153846153847 0.05714285714285714 0.07692307692307693
3 0.7467532467532467 0.6338461538461538 0.05454545454545454 0.07384615384615385
3 0.7571428571428571 0.5723076923076923 0.05454545454545454 0.06769230769230769
3 0.6415584415584416 0.3323076923076923 0.046753246753246755 0.055384615384615386
3 0.7974025974025974 0.32153846153846155 0.06233766233766234 0.08307692307692308
3 0.8805194805194805 0.09692307692307692 0.05714285714285714 0.06461538461538462
3 0.4961038961038961 0.04461538461538461 0.05194805194805195 0.052307692307692305
