3 0.12330623306233063 0.5176848874598071 0.056910569105691054 0.06430868167202572
3 0.11246612466124661 0.5916398713826366 0.06775067750677506 0.05787781350482315
3 0.33062330623306235 0.594855305466238 0.05420054200542006 0.05787781350482315
3 0.19241192411924118 0.8536977491961415 0.05962059620596206 0.07395498392282958
3 0.15311653116531165 0.8585209003215434 0.051490514905149054 0.06430868167202572
3 0.16531165311653118 0.9035369774919614 0.06504065040650407 0.0707395498392283
3 0.2018970189701897 0.9389067524115756 0.07859078590785908 0.06430868167202572
3 0.453929539295393 0.8697749196141479 0.06233062330623306 0.06752411575562701
3 0.537940379403794 0.932475884244373 0.06233062330623306 0.0707395498392283
3 0.8265582655826558 0.6720257234726688 0.05420054200542006 0.0707395498392283
3 0.17208672086720866 0.41961414790996787 0.051490514905149054 0.06109324758842444
3 0.26422764227642276 0.34726688102893893 0.04607046070460705 0.06430868167202572
3 0.3238482384823848 0.36816720257234725 0.051490514905149054 0.05466237942122187
3 0.3780487804878049 0.2990353697749196 0.051490514905149054 0.0707395498392283
3 0.7032520325203252 0.4903536977491961 0.056910569105691054 0.06752411575562701
3 0.907859078590786 0.5016077170418006 0.05962059620596206 0.06430868167202572
3 0.9498644986449865 0.6061093247588425 0.04065040650406504 0.06109324758842444
3 0.8726287262872628 0.13665594855305466 0.06504065040650407 0.06752411575562701
3 0.9024390243902439 0.21221864951768488 0.05962059620596206 0.0707395498392283
3 0.017615176151761516 0.5578778135048231 0.02981029810298103 0.06109324758842444
