3 0.23821339950372208 0.39114391143911437 0.034739454094292806 0.05904059040590406
3 0.956575682382134 0.16420664206642066 0.04218362282878412 0.07011070110701106
3 0.07444168734491315 0.2767527675276753 0.04962779156327544 0.05166051660516605
3 0.14516129032258066 0.22324723247232472 0.04218362282878412 0.04797047970479705
3 0.17866004962779156 0.4151291512915129 0.04466501240694789 0.06273062730627306
3 0.3349875930521092 0.8154981549815498 0.03970223325062035 0.05904059040590406
3 0.34987593052109184 0.9428044280442804 0.03970223325062035 0.06273062730627306
3 0.4044665012406948 0.3284132841328413 0.05459057071960298 0.05904059040590406
3 0.4851116625310174 0.8505535055350554 0.04218362282878412 0.055350553505535055
3 0.5595533498759305 0.5922509225092251 0.04218362282878412 0.06273062730627306
3 0.5545905707196029 0.6605166051660517 0.04218362282878412 0.05904059040590406
3 0.673697270471464 0.5018450184501845 0.04714640198511166 0.05904059040590406
3 0.5285359801488834 0.4446494464944649 0.03970223325062035 0.06273062730627306
3 0.44044665012406947 0.44649446494464945 0.04218362282878412 0.05904059040590406
3 0.4230769230769231 0.544280442804428 0.04714640198511166 0.055350553505535055
3 0.43300248138957814 0.25276752767527677 0.04218362282878412 0.06273062730627306
3 0.8349875930521092 0.42435424354243545 0.04714640198511166 0.05904059040590406
3 0.8002481389578163 0.47601476014760147 0.04218362282878412 0.05904059040590406
3 0.6575682382133995 0.3376383763837638 0.04466501240694789 0.055350553505535055
3 0.9168734491315137 0.2767527675276753 0.04218362282878412 0.06642066420664207
