3 0.11636828644501279 0.14334470989761092 0.05370843989769821 0.06825938566552901
3 0.32864450127877237 0.189419795221843 0.043478260869565216 0.09897610921501707
3 0.21355498721227623 0.37372013651877134 0.04859335038363171 0.05802047781569966
3 0.08312020460358056 0.4129692832764505 0.05370843989769821 0.06825938566552901
3 0.09846547314578005 0.27303754266211605 0.05370843989769821 0.07508532423208192
3 0.07289002557544758 0.7986348122866894 0.05370843989769821 0.06825938566552901
3 0.46930946291560105 0.7986348122866894 0.043478260869565216 0.06143344709897611
3 0.45268542199488493 0.8668941979522184 0.04603580562659847 0.07508532423208192
3 0.4092071611253197 0.9129692832764505 0.061381074168797956 0.07849829351535836
3 0.21483375959079284 0.8071672354948806 0.04603580562659847 0.05802047781569966
3 0.3874680306905371 0.6228668941979523 0.03836317135549872 0.07167235494880546
3 0.5728900255754475 0.5255972696245734 0.05115089514066496 0.06143344709897611
3 0.7020460358056266 0.4522184300341297 0.05370843989769821 0.06484641638225255
3 0.7813299232736572 0.6092150170648464 0.05370843989769821 0.07167235494880546
3 0.9782608695652174 0.6194539249146758 0.03836317135549872 0.07167235494880546
3 0.9578005115089514 0.44368600682593856 0.04859335038363171 0.06143344709897611
3 0.840153452685422 0.9197952218430034 0.04859335038363171 0.05802047781569966
3 0.6010230179028133 0.1825938566552901 0.04603580562659847 0.07167235494880546
