3 0.8896103896103896 0.05536332179930796 0.04935064935064935 0.08996539792387544
3 0.7792207792207793 0.3391003460207612 0.05194805194805195 0.06228373702422145
3 0.11948051948051948 0.2768166089965398 0.046753246753246755 0.06228373702422145
3 0.17402597402597403 0.5086505190311419 0.05194805194805195 0.07612456747404844
3 0.11948051948051948 0.3944636678200692 0.05714285714285714 0.06920415224913495
3 0.474025974025974 0.370242214532872 0.04935064935064935 0.06228373702422145
3 0.4012987012987013 0.7058823529411765 0.04415584415584416 0.06228373702422145
3 0.18311688311688312 0.2231833910034602 0.05974025974025974 0.05190311418685121
3 0.44935064935064933 0.08131487889273356 0.05194805194805195 0.0657439446366782
3 0.5233766233766234 0.6384083044982699 0.05454545454545454 0.0657439446366782
3 0.6779220779220779 0.47750865051903113 0.05194805194805195 0.06920415224913495
3 0.3051948051948052 0.8166089965397924 0.03896103896103896 0.05536332179930796
3 0.23636363636363636 0.8823529411764706 0.046753246753246755 0.06920415224913495
3 0.21818181818181817 0.9498269896193772 0.05714285714285714 0.0657439446366782
3 0.948051948051948 0.6141868512110726 0.05194805194805195 0.07958477508650519
3 0.8116883116883117 0.42214532871972316 0.05454545454545454 0.07612456747404844
3 0.9428571428571428 0.38235294117647056 0.05714285714285714 0.058823529411764705
3 0.2506493506493506 0.2975778546712803 0.04935064935064935 0.05536332179930796
3 0.4792207792207792 0.24567474048442905 0.04935064935064935 0.06228373702422145
3 0.5233766233766234 0.4100346020761246 0.04415584415584416 0.0726643598615917
3 0.6246753246753247 0.1453287197231834 0.05454545454545454 0.05536332179930796
3 0.5415584415584416 0.06055363321799308 0.04415584415584416 0.0726643598615917
