3 0.08481012658227848 0.26576576576576577 0.053164556962025315 0.06906906906906907
3 0.03670886075949367 0.06906906906906907 0.0379746835443038 0.06606606606606606
3 0.830379746835443 0.22672672672672672 0.07088607594936709 0.06906906906906907
3 0.6227848101265823 0.3783783783783784 0.05569620253164557 0.06606606606606606
3 0.5518987341772152 0.5675675675675675 0.04556962025316456 0.05405405405405406
3 0.7569620253164557 0.551051051051051 0.060759493670886074 0.06306306306306306
3 0.3822784810126582 0.4219219219219219 0.05569620253164557 0.06906906906906907
3 0.369620253164557 0.4594594594594595 0.060759493670886074 0.06006006006006006
3 0.36075949367088606 0.1006006006006006 0.05822784810126582 0.057057057057057055
3 0.9784810126582278 0.6741741741741741 0.043037974683544304 0.06306306306306306
3 0.9810126582278481 0.3063063063063063 0.03291139240506329 0.06006006006006006
