3 0.08051948051948052 0.061855670103092786 0.04155844155844156 0.054982817869415807
3 0.09090909090909091 0.13402061855670103 0.05194805194805195 0.054982817869415807
3 0.12077922077922078 0.3848797250859107 0.05454545454545454 0.061855670103092786
3 0.21688311688311687 0.3024054982817869 0.05974025974025974 0.06872852233676977
3 0.22467532467532467 0.4518900343642612 0.05454545454545454 0.06529209621993128
3 0.2077922077922078 0.5790378006872853 0.046753246753246755 0.058419243986254296
3 0.17792207792207793 0.6408934707903781 0.04415584415584416 0.06529209621993128
3 0.4077922077922078 0.44329896907216493 0.046753246753246755 0.06872852233676977
3 0.4662337662337662 0.39862542955326463 0.04935064935064935 0.08247422680412371
3 0.4896103896103896 0.27835051546391754 0.04935064935064935 0.061855670103092786
3 0.3103896103896104 0.15120274914089346 0.04415584415584416 0.06872852233676977
3 0.2857142857142857 0.06529209621993128 0.046753246753246755 0.06872852233676977
3 0.4077922077922078 0.26804123711340205 0.046753246753246755 0.06872852233676977
3 0.6376623376623377 0.18556701030927836 0.05454545454545454 0.061855670103092786
3 0.7298701298701299 0.14604810996563575 0.046753246753246755 0.058419243986254296
3 0.7805194805194805 0.12027491408934708 0.05454545454545454 0.061855670103092786
3 0.8818181818181818 0.21649484536082475 0.04935064935064935 0.06872852233676977
3 0.38571428571428573 0.6408934707903781 0.04935064935064935 0.06529209621993128
3 0.6662337662337663 0.6735395189003437 0.04935064935064935 0.06872852233676977
3 0.712987012987013 0.6323024054982818 0.04935064935064935 0.07560137457044673
3 0.5272727272727272 0.4536082474226804 0.04155844155844156 0.061855670103092786
3 0.17272727272727273 0.8642611683848798 0.04935064935064935 0.06529209621993128
3 0.08961038961038961 0.8797250859106529 0.04935064935064935 0.06872852233676977
3 0.6051948051948052 0.8161512027491409 0.046753246753246755 0.07903780068728522
3 0.6441558441558441 0.8642611683848798 0.04155844155844156 0.0859106529209622
3 0.5311688311688312 0.9432989690721649 0.04415584415584416 0.07216494845360824
3 0.33896103896103896 0.788659793814433 0.04415584415584416 0.06529209621993128
3 0.9844155844155844 0.3642611683848797 0.03116883116883117 0.07560137457044673
3 0.03766233766233766 0.2268041237113402 0.04935064935064935 0.06872852233676977
