3 0.656498673740053 0.15141955835962145 0.04509283819628647 0.056782334384858045
3 0.11273209549071618 0.16246056782334384 0.05570291777188329 0.07255520504731862
3 0.20689655172413793 0.3801261829652997 0.05305039787798409 0.05993690851735016
3 0.40583554376657827 0.5694006309148265 0.042440318302387266 0.05993690851735016
3 0.2692307692307692 0.6198738170347003 0.04509283819628647 0.05362776025236593
3 0.7758620689655172 0.8911671924290221 0.05570291777188329 0.05993690851735016
3 0.8580901856763926 0.7886435331230284 0.05570291777188329 0.06309148264984227
3 0.649867374005305 0.7807570977917981 0.05305039787798409 0.05993690851735016
3 0.9363395225464191 0.33753943217665616 0.04774535809018567 0.056782334384858045
3 0.9190981432360743 0.21608832807570977 0.05570291777188329 0.05362776025236593
3 0.6684350132625995 0.4227129337539432 0.04774535809018567 0.056782334384858045
3 0.649867374005305 0.34069400630914826 0.05305039787798409 0.06309148264984227
3 0.7241379310344828 0.832807570977918 0.05305039787798409 0.06309148264984227
