3 0.19090909090909092 0.7012383900928792 0.04935064935064935 0.06501547987616099
3 0.16753246753246753 0.9040247678018576 0.05974025974025974 0.06191950464396285
3 0.5194805194805194 0.5634674922600619 0.05194805194805195 0.06191950464396285
3 0.6428571428571429 0.2770897832817337 0.04935064935064935 0.058823529411764705
3 0.6597402597402597 0.326625386996904 0.05194805194805195 0.058823529411764705
3 0.525974025974026 0.1130030959752322 0.05454545454545454 0.058823529411764705
3 0.9415584415584416 0.7430340557275542 0.04935064935064935 0.06191950464396285
3 0.9194805194805195 0.6718266253869969 0.046753246753246755 0.05572755417956656
3 0.9558441558441558 0.4907120743034056 0.05714285714285714 0.05263157894736842
3 0.3025974025974026 0.521671826625387 0.04415584415584416 0.07120743034055728
3 0.35064935064935066 0.631578947368421 0.046753246753246755 0.04953560371517028
3 0.8701298701298701 0.28792569659442724 0.05194805194805195 0.06811145510835913
3 0.1974025974025974 0.2647058823529412 0.06753246753246753 0.06501547987616099
0 0.35844155844155845 0.2739938080495356 0.025974025974025976 0.08978328173374613
3 0.3051948051948052 0.6671826625386997 0.07532467532467532 0.058823529411764705
