3 0.5133333333333333 0.18412698412698414 0.04533333333333334 0.05714285714285714
3 0.37866666666666665 0.7142857142857143 0.058666666666666666 0.06984126984126984
3 0.8586666666666667 0.4603174603174603 0.058666666666666666 0.06349206349206349
3 0.6866666666666666 0.5174603174603175 0.056 0.05714285714285714
3 0.744 0.24126984126984127 0.05333333333333334 0.050793650793650794
3 0.6666666666666666 0.18412698412698414 0.058666666666666666 0.05714285714285714
3 0.792 0.2920634920634921 0.058666666666666666 0.05714285714285714
3 0.8066666666666666 0.7984126984126985 0.050666666666666665 0.06031746031746032
3 0.6413333333333333 0.7333333333333333 0.04533333333333334 0.06349206349206349
3 0.13333333333333333 0.6761904761904762 0.048 0.06349206349206349
3 0.876 0.1984126984126984 0.056 0.06031746031746032
3 0.25066666666666665 0.2761904761904762 0.048 0.050793650793650794
3 0.524 0.2365079365079365 0.04533333333333334 0.05396825396825397
3 0.848 0.2841269841269841 0.042666666666666665 0.05396825396825397
3 0.12 0.8968253968253969 0.05333333333333334 0.06031746031746032
