3 0.13953488372093023 0.20642201834862386 0.06201550387596899 0.07033639143730887
3 0.04521963824289406 0.5015290519877675 0.059431524547803614 0.0672782874617737
3 0.14599483204134367 0.6070336391437309 0.059431524547803614 0.07033639143730887
3 0.524547803617571 0.3241590214067278 0.046511627906976744 0.06116207951070336
3 0.6627906976744186 0.1712538226299694 0.04909560723514212 0.07339449541284404
3 0.7674418604651163 0.13761467889908258 0.056847545219638244 0.05504587155963303
3 0.8217054263565892 0.28287461773700306 0.05167958656330749 0.06422018348623854
3 0.8023255813953488 0.3180428134556575 0.05426356589147287 0.05504587155963303
3 0.900516795865633 0.26299694189602446 0.05426356589147287 0.0672782874617737
3 0.9186046511627907 0.308868501529052 0.059431524547803614 0.06116207951070336
3 0.4483204134366925 0.9602446483180428 0.059431524547803614 0.07339449541284404
3 0.24160206718346253 0.746177370030581 0.05426356589147287 0.07339449541284404
3 0.39018087855297157 0.6192660550458715 0.06201550387596899 0.06422018348623854
3 0.25064599483204136 0.3547400611620795 0.06201550387596899 0.06116207951070336
3 0.6873385012919897 0.9220183486238532 0.056847545219638244 0.0581039755351682
3 0.7467700258397932 0.9021406727828746 0.06201550387596899 0.06116207951070336
