3 0.044854881266490766 0.25263157894736843 0.047493403693931395 0.06315789473684211
3 0.09234828496042216 0.5701754385964912 0.052770448548812667 0.05263157894736842
3 0.26649076517150394 0.7614035087719299 0.04221635883905013 0.06315789473684211
3 0.32189973614775724 0.6473684210526316 0.036939313984168866 0.06666666666666667
3 0.31266490765171506 0.7666666666666667 0.055408970976253295 0.07368421052631578
3 0.5356200527704486 0.2807017543859649 0.047493403693931395 0.056140350877192984
3 0.8087071240105541 0.4052631578947368 0.0712401055408971 0.05964912280701754
3 0.9261213720316622 0.3456140350877193 0.052770448548812667 0.05263157894736842
3 0.40633245382585753 0.20877192982456141 0.04221635883905013 0.05964912280701754
3 0.8087071240105541 0.028070175438596492 0.05013192612137203 0.04912280701754386
3 0.8865435356200527 0.13333333333333333 0.04221635883905013 0.07017543859649122
3 0.6846965699208444 0.7403508771929824 0.055408970976253295 0.056140350877192984
3 0.7928759894459103 0.7859649122807018 0.055408970976253295 0.07017543859649122
3 0.8839050131926122 0.7578947368421053 0.047493403693931395 0.06315789473684211
3 0.8073878627968337 0.9473684210526315 0.0633245382585752 0.07719298245614035
3 0.7203166226912929 0.4649122807017544 0.052770448548812667 0.05964912280701754
3 0.4920844327176781 0.40350877192982454 0.044854881266490766 0.06315789473684211
3 0.2783641160949868 0.5719298245614035 0.05013192612137203 0.06315789473684211
3 0.6701846965699209 0.9017543859649123 0.047493403693931395 0.07017543859649122
3 0.6978891820580475 0.3087719298245614 0.03430079155672823 0.056140350877192984
3 0.8786279683377308 0.5771929824561404 0.047493403693931395 0.06666666666666667
3 0.23746701846965698 0.6771929824561403 0.05804749340369393 0.07017543859649122
3 0.7321899736147758 0.8982456140350877 0.055408970976253295 0.07017543859649122
