3 0.5462287104622872 0.23265306122448978 0.051094890510948905 0.08163265306122448
3 0.5851581508515815 0.7816326530612245 0.0413625304136253 0.08571428571428572
3 0.2384428223844282 0.7673469387755102 0.038929440389294405 0.08163265306122448
3 0.12895377128953772 0.32653061224489793 0.043795620437956206 0.08979591836734693
3 0.09367396593673966 0.3183673469387755 0.0364963503649635 0.08163265306122448
3 0.8588807785888077 0.4306122448979592 0.0340632603406326 0.08571428571428572
3 0.7530413625304136 0.5653061224489796 0.0413625304136253 0.08571428571428572
3 0.6897810218978102 0.9285714285714286 0.051094890510948905 0.07755102040816327
3 0.8880778588807786 0.42653061224489797 0.0340632603406326 0.08571428571428572
3 0.11435523114355231 0.42857142857142855 0.04866180048661801 0.05714285714285714
3 0.1435523114355231 0.05510204081632653 0.038929440389294405 0.06938775510204082
