3 0.06363636363636363 0.2523076923076923 0.04415584415584416 0.04923076923076923
3 0.048051948051948054 0.21076923076923076 0.04935064935064935 0.07692307692307693
3 0.05454545454545454 0.14307692307692307 0.05714285714285714 0.07076923076923076
3 0.4051948051948052 0.4584615384615385 0.046753246753246755 0.06153846153846154
3 0.2623376623376623 0.5938461538461538 0.05714285714285714 0.07384615384615385
3 0.1038961038961039 0.78 0.06233766233766234 0.07692307692307693
3 0.18571428571428572 0.8492307692307692 0.05974025974025974 0.09230769230769231
3 0.861038961038961 0.6584615384615384 0.07532467532467532 0.09230769230769231
3 0.9597402597402598 0.8138461538461539 0.06493506493506493 0.08923076923076922
3 0.7974025974025974 0.19692307692307692 0.05194805194805195 0.06769230769230769
3 0.4584415584415584 0.40615384615384614 0.07012987012987013 0.08
3 0.4831168831168831 0.38769230769230767 0.06753246753246753 0.07384615384615385
3 0.5883116883116883 0.7846153846153846 0.08571428571428572 0.08
3 0.948051948051948 0.6815384615384615 0.07272727272727272 0.08307692307692308
3 0.23376623376623376 0.66 0.05714285714285714 0.06461538461538462
3 0.9415584415584416 0.2692307692307692 0.06493506493506493 0.08307692307692308
