3 0.18133333333333335 0.18683274021352314 0.048 0.06761565836298933
3 0.31466666666666665 0.18861209964412812 0.048 0.06405693950177936
3 0.5586666666666666 0.2704626334519573 0.050666666666666665 0.06405693950177936
3 0.07066666666666667 0.3469750889679715 0.056 0.060498220640569395
3 0.13333333333333333 0.3914590747330961 0.042666666666666665 0.06405693950177936
3 0.252 0.48398576512455516 0.050666666666666665 0.06405693950177936
3 0.28 0.902135231316726 0.048 0.06761565836298933
3 0.08533333333333333 0.7580071174377224 0.05333333333333334 0.06405693950177936
3 0.38133333333333336 0.8790035587188612 0.064 0.07829181494661921
3 0.332 0.9395017793594306 0.056 0.0711743772241993
3 0.43333333333333335 0.7722419928825622 0.056 0.07829181494661921
3 0.612 0.6637010676156584 0.056 0.07473309608540925
3 0.5346666666666666 0.6441281138790036 0.050666666666666665 0.05693950177935943
3 0.6466666666666666 0.9395017793594306 0.056 0.0711743772241993
3 0.44666666666666666 0.4501779359430605 0.04533333333333334 0.07473309608540925
3 0.616 0.3701067615658363 0.048 0.06405693950177936
3 0.976 0.6174377224199288 0.042666666666666665 0.06761565836298933
3 0.9613333333333334 0.7099644128113879 0.050666666666666665 0.06761565836298933
3 0.9173333333333333 0.7704626334519573 0.058666666666666666 0.08185053380782918
3 0.7893333333333333 0.20818505338078291 0.05333333333333334 0.05338078291814947
3 0.8493333333333334 0.3309608540925267 0.050666666666666665 0.07829181494661921
3 0.8 0.39501779359430605 0.048 0.06405693950177936
3 0.896 0.20640569395017794 0.048 0.06405693950177936
3 0.9733333333333334 0.3202846975088968 0.048 0.06405693950177936
3 0.9013333333333333 0.08362989323843416 0.042666666666666665 0.060498220640569395
