3 0.33070866141732286 0.17247386759581881 0.05249343832020997 0.07317073170731707
3 0.2335958005249344 0.7839721254355401 0.05249343832020997 0.06968641114982578
3 0.4435695538057743 0.7735191637630662 0.047244094488188976 0.07665505226480836
3 0.636482939632546 0.6724738675958188 0.06036745406824147 0.07665505226480836
3 0.5275590551181102 0.5487804878048781 0.05249343832020997 0.07317073170731707
3 0.8818897637795275 0.4616724738675958 0.047244094488188976 0.06620209059233449
3 0.7322834645669292 0.36585365853658536 0.047244094488188976 0.08362369337979095
3 0.847769028871391 0.23867595818815332 0.05249343832020997 0.07317073170731707
3 0.7650918635170604 0.2857142857142857 0.049868766404199474 0.06968641114982578
3 0.40551181102362205 0.6515679442508711 0.049868766404199474 0.08362369337979095
3 0.31496062992125984 0.8832752613240418 0.047244094488188976 0.08013937282229965
3 0.9186351706036745 0.5975609756097561 0.05774278215223097 0.06620209059233449
3 0.9435695538057742 0.11672473867595819 0.05511811023622047 0.06620209059233449
3 0.6601049868766404 0.41289198606271776 0.049868766404199474 0.059233449477351915
3 0.5879265091863517 0.024390243902439025 0.047244094488188976 0.041811846689895474
3 0.515748031496063 0.0313588850174216 0.049868766404199474 0.05574912891986063
