3 0.13178294573643412 0.4984709480122324 0.06201550387596899 0.0672782874617737
3 0.19896640826873385 0.4648318042813456 0.05167958656330749 0.05504587155963303
3 0.22997416020671835 0.4877675840978593 0.056847545219638244 0.0764525993883792
3 0.28165374677002586 0.4525993883792049 0.06718346253229975 0.06116207951070336
3 0.22609819121447028 0.41131498470948014 0.059431524547803614 0.08256880733944955
3 0.5400516795865633 0.42966360856269115 0.05167958656330749 0.07033639143730887
3 0.603359173126615 0.1743119266055046 0.05426356589147287 0.07339449541284404
3 0.12144702842377261 0.8042813455657493 0.05167958656330749 0.07951070336391437
3 0.16279069767441862 0.8333333333333334 0.056847545219638244 0.07033639143730887
3 0.3062015503875969 0.8318042813455657 0.059431524547803614 0.09174311926605505
3 0.35400516795865633 0.8318042813455657 0.046511627906976744 0.06116207951070336
3 0.4134366925064599 0.9525993883792049 0.08785529715762273 0.07033639143730887
3 0.43023255813953487 0.18042813455657492 0.06459948320413436 0.0672782874617737
3 0.7235142118863049 0.8623853211009175 0.07235142118863049 0.09785932721712538
0 0.7454780361757106 0.7675840978593272 0.08010335917312661 0.06116207951070336
