3 0.21662468513853905 0.48059701492537316 0.060453400503778336 0.05373134328358209
3 0.12216624685138538 0.4388059701492537 0.05793450881612091 0.07164179104477612
3 0.17506297229219145 0.4 0.05289672544080604 0.06567164179104477
3 0.2380352644836272 0.3805970149253731 0.04785894206549118 0.0626865671641791
3 0.10831234256926953 0.5373134328358209 0.060453400503778336 0.07761194029850746
3 0.5806045340050378 0.2417910447761194 0.042821158690176324 0.05970149253731343
3 0.8954659949622166 0.35522388059701493 0.06297229219143577 0.06567164179104477
3 0.4924433249370277 0.11343283582089553 0.05289672544080604 0.05970149253731343
3 0.2518891687657431 0.9686567164179104 0.05037783375314862 0.056716417910447764
3 0.07808564231738035 0.8462686567164179 0.05037783375314862 0.0626865671641791
3 0.7808564231738035 0.9492537313432836 0.04534005037783375 0.05970149253731343
3 0.8375314861460957 0.691044776119403 0.05289672544080604 0.07462686567164178
3 0.7090680100755667 0.6388059701492538 0.05289672544080604 0.06567164179104477
3 0.6322418136020151 0.682089552238806 0.04534005037783375 0.056716417910447764
3 0.9609571788413098 0.691044776119403 0.05289672544080604 0.0626865671641791
3 0.11460957178841309 0.34626865671641793 0.06297229219143577 0.07164179104477612
