3 0.14214463840399003 0.488929889298893 0.0399002493765586 0.06273062730627306
3 0.12219451371571072 0.5571955719557196 0.0399002493765586 0.05904059040590406
3 0.043640897755610975 0.48154981549815495 0.04239401496259352 0.06273062730627306
3 0.4613466334164589 0.5922509225092251 0.04488778054862843 0.07011070110701106
3 0.5610972568578554 0.6992619926199262 0.04987531172069826 0.06273062730627306
3 0.48753117206982544 0.38191881918819187 0.04738154613466334 0.055350553505535055
3 0.6471321695760599 0.11070110701107011 0.04738154613466334 0.05904059040590406
3 0.7917705735660848 0.5571955719557196 0.03740648379052369 0.06642066420664207
3 0.6483790523690773 0.7638376383763837 0.04488778054862843 0.07380073800738007
3 0.2281795511221945 0.6180811808118081 0.04239401496259352 0.055350553505535055
3 0.6583541147132169 0.6955719557195572 0.0399002493765586 0.04797047970479705
3 0.9276807980049875 0.8284132841328413 0.04488778054862843 0.06273062730627306
3 0.9625935162094763 0.4059040590405904 0.04987531172069826 0.0959409594095941
3 0.9576059850374065 0.6309963099630996 0.05486284289276808 0.07380073800738007
3 0.8216957605985037 0.46863468634686345 0.05236907730673317 0.05904059040590406
3 0.8428927680798005 0.35424354243542433 0.0399002493765586 0.05904059040590406
3 0.729426433915212 0.4040590405904059 0.05236907730673317 0.07011070110701106
3 0.6783042394014963 0.3800738007380074 0.0399002493765586 0.05904059040590406
3 0.7144638403990025 0.6623616236162362 0.03740648379052369 0.04797047970479705
3 0.6221945137157108 0.3154981549815498 0.03740648379052369 0.04797047970479705
3 0.4139650872817955 0.2047970479704797 0.04488778054862843 0.06273062730627306
3 0.40399002493765584 0.30996309963099633 0.04987531172069826 0.06642066420664207
3 0.543640897755611 0.06826568265682657 0.04488778054862843 0.07011070110701106
3 0.5561097256857855 0.16605166051660517 0.0399002493765586 0.05904059040590406
3 0.2506234413965087 0.8800738007380073 0.04239401496259352 0.04797047970479705
3 0.08977556109725686 0.34317343173431736 0.034912718204488775 0.05904059040590406
3 0.6970074812967582 0.8357933579335793 0.032418952618453865 0.055350553505535055
3 0.7531172069825436 0.7749077490774908 0.034912718204488775 0.06642066420664207
3 0.8640897755610972 0.7250922509225092 0.04239401496259352 0.055350553505535055
