3 0.48825065274151436 0.3780487804878049 0.04699738903394256 0.07317073170731707
3 0.402088772845953 0.10452961672473868 0.05221932114882506 0.07665505226480836
3 0.10052219321148825 0.47909407665505227 0.04960835509138381 0.07317073170731707
3 0.04177545691906005 0.4529616724738676 0.04699738903394256 0.06968641114982578
3 0.8107049608355091 0.5679442508710801 0.04960835509138381 0.06968641114982578
3 0.19321148825065274 0.11149825783972125 0.057441253263707574 0.07665505226480836
3 0.7127937336814621 0.7700348432055749 0.05221932114882506 0.0627177700348432
3 0.2754569190600522 0.21254355400696864 0.04960835509138381 0.07665505226480836
3 0.2545691906005222 0.3240418118466899 0.04960835509138381 0.0627177700348432
3 0.9216710182767625 0.41289198606271776 0.04699738903394256 0.08013937282229965
3 0.5939947780678851 0.017421602787456445 0.05483028720626632 0.027874564459930314
3 0.8120104438642297 0.7804878048780488 0.04699738903394256 0.06968641114982578
3 0.03263707571801567 0.8101045296167247 0.04960835509138381 0.06620209059233449
3 0.2545691906005222 0.5452961672473867 0.06005221932114883 0.07317073170731707
3 0.7650130548302873 0.6341463414634146 0.04699738903394256 0.06968641114982578
3 0.902088772845953 0.3118466898954704 0.044386422976501305 0.06620209059233449
3 0.6592689295039165 0.4843205574912892 0.04960835509138381 0.06968641114982578
