3 0.6698795180722892 0.39959839357429716 0.03855421686746988 0.06827309236947791
3 0.7192771084337349 0.42971887550200805 0.04096385542168675 0.07228915662650602
3 0.7168674698795181 0.23694779116465864 0.05060240963855422 0.08032128514056225
3 0.7710843373493976 0.2248995983935743 0.03855421686746988 0.08032128514056225
3 0.8120481927710843 0.27309236947791166 0.05301204819277108 0.08032128514056225
3 0.6228915662650603 0.21686746987951808 0.05542168674698795 0.07228915662650602
3 0.7301204819277108 0.9196787148594378 0.03855421686746988 0.0642570281124498
3 0.5301204819277109 0.3192771084337349 0.04819277108433735 0.07630522088353414
3 0.9457831325301205 0.09839357429718876 0.03132530120481928 0.07630522088353414
3 0.043373493975903614 0.5502008032128514 0.043373493975903614 0.0642570281124498
3 0.5626506024096386 0.6566265060240963 0.04096385542168675 0.07630522088353414
