3 0.040051679586563305 0.3676923076923077 0.04909560723514212 0.05846153846153846
3 0.22609819121447028 0.5476923076923077 0.04392764857881137 0.06153846153846154
3 0.07622739018087855 0.8646153846153846 0.04392764857881137 0.055384615384615386
3 0.5943152454780362 0.7846153846153846 0.05167958656330749 0.06769230769230769
3 0.6382428940568475 0.7876923076923077 0.046511627906976744 0.06769230769230769
3 0.6744186046511628 0.7984615384615384 0.046511627906976744 0.06461538461538462
3 0.520671834625323 0.7876923076923077 0.059431524547803614 0.08
3 0.5775193798449613 0.8353846153846154 0.06976744186046512 0.07076923076923076
3 0.541343669250646 0.5815384615384616 0.05426356589147287 0.07384615384615385
3 0.8165374677002584 0.8461538461538461 0.046511627906976744 0.06769230769230769
