3 0.3342036553524804 0.3204334365325077 0.05221932114882506 0.04643962848297214
3 0.15274151436031333 0.3761609907120743 0.06527415143603134 0.05263157894736842
3 0.2506527415143603 0.1996904024767802 0.04699738903394256 0.05263157894736842
3 0.31201044386422977 0.18885448916408668 0.04960835509138381 0.05572755417956656
3 0.6488250652741514 0.030959752321981424 0.04960835509138381 0.04953560371517028
3 0.3668407310704961 0.4907120743034056 0.044386422976501305 0.05263157894736842
3 0.6971279373368147 0.6222910216718266 0.05221932114882506 0.06191950464396285
3 0.7389033942558747 0.6919504643962848 0.04699738903394256 0.058823529411764705
3 0.7493472584856397 0.6470588235294118 0.05221932114882506 0.04953560371517028
3 0.8694516971279374 0.5510835913312694 0.04177545691906005 0.06191950464396285
3 0.8981723237597912 0.5046439628482973 0.04699738903394256 0.06191950464396285
3 0.8968668407310705 0.6671826625386997 0.044386422976501305 0.058823529411764705
3 0.9738903394255874 0.06346749226006192 0.03655352480417755 0.05263157894736842
