3 0.2818181818181818 0.578397212543554 0.05454545454545454 0.0627177700348432
3 0.36363636363636365 0.6637630662020906 0.046753246753246755 0.06620209059233449
3 0.07532467532467532 0.8344947735191638 0.05714285714285714 0.06620209059233449
3 0.2623376623376623 0.9059233449477352 0.05714285714285714 0.0627177700348432
3 0.5545454545454546 0.6933797909407665 0.04935064935064935 0.07665505226480836
3 0.4883116883116883 0.7508710801393729 0.05194805194805195 0.06620209059233449
3 0.4090909090909091 0.7822299651567944 0.04935064935064935 0.059233449477351915
3 0.6142857142857143 0.8501742160278746 0.04415584415584416 0.06968641114982578
3 0.6376623376623377 0.7317073170731707 0.05454545454545454 0.06968641114982578
3 0.6662337662337663 0.794425087108014 0.04935064935064935 0.06968641114982578
3 0.6714285714285714 0.9041811846689896 0.05454545454545454 0.08013937282229965
3 0.8376623376623377 0.6184668989547039 0.04935064935064935 0.06620209059233449
3 0.8662337662337662 0.30313588850174217 0.05974025974025974 0.06968641114982578
3 0.33116883116883117 0.3588850174216028 0.05974025974025974 0.0627177700348432
3 0.3103896103896104 0.4181184668989547 0.04935064935064935 0.0627177700348432
3 0.13376623376623376 0.23344947735191637 0.04935064935064935 0.0627177700348432
3 0.10779220779220779 0.11846689895470383 0.05454545454545454 0.06968641114982578
3 0.36233766233766235 0.050522648083623695 0.04415584415584416 0.06620209059233449
3 0.4649350649350649 0.24738675958188153 0.046753246753246755 0.0627177700348432
3 0.16753246753246753 0.2874564459930314 0.05454545454545454 0.07317073170731707
3 0.18571428571428572 0.5052264808362369 0.04935064935064935 0.0627177700348432
3 0.8805194805194805 0.08188153310104529 0.05194805194805195 0.07317073170731707
