3 0.05432098765432099 0.6678966789667896 0.04938271604938271 0.06642066420664207
3 0.5753086419753086 0.5129151291512916 0.03950617283950617 0.05904059040590406
3 0.937037037037037 0.5498154981549815 0.03209876543209877 0.05904059040590406
3 0.18271604938271604 0.8487084870848709 0.044444444444444446 0.05904059040590406
0 0.6283950617283951 0.2029520295202952 0.04197530864197531 0.06642066420664207
3 0.1617283950617284 0.3247232472324723 0.04691358024691358 0.05166051660516605
3 0.8333333333333334 0.5166051660516605 0.037037037037037035 0.05166051660516605
3 0.3765432098765432 0.025830258302583026 0.04197530864197531 0.05166051660516605
3 0.2617283950617284 0.16789667896678967 0.03950617283950617 0.055350553505535055
3 0.8716049382716049 0.21033210332103322 0.03950617283950617 0.05904059040590406
3 0.7493827160493827 0.8321033210332104 0.056790123456790124 0.07011070110701106
3 0.7222222222222222 0.48523985239852396 0.04197530864197531 0.055350553505535055
3 0.29506172839506173 0.7103321033210332 0.04691358024691358 0.06273062730627306
3 0.45185185185185184 0.522140221402214 0.044444444444444446 0.06273062730627306
3 0.47530864197530864 0.466789667896679 0.037037037037037035 0.055350553505535055
3 0.8617283950617284 0.05719557195571956 0.03950617283950617 0.055350553505535055
3 0.2975308641975309 0.8210332103321033 0.04197530864197531 0.06273062730627306
3 0.2037037037037037 0.9206642066420664 0.04691358024691358 0.055350553505535055
3 0.8654320987654321 0.3671586715867159 0.04197530864197531 0.06273062730627306
3 0.6691358024691358 0.3154981549815498 0.044444444444444446 0.055350553505535055
3 0.32592592592592595 0.02952029520295203 0.05432098765432099 0.06642066420664207
3 0.09382716049382717 0.5885608856088561 0.04938271604938271 0.06273062730627306
3 0.7567901234567901 0.3966789667896679 0.04197530864197531 0.09225092250922509
