3 0.42643391521197005 0.44649446494464945 0.0399002493765586 0.06642066420664207
3 0.3179551122194514 0.6660516605166051 0.04239401496259352 0.07011070110701106
3 0.4164588528678304 0.7380073800738007 0.04488778054862843 0.06642066420664207
3 0.7144638403990025 0.8154981549815498 0.04239401496259352 0.07380073800738007
3 0.3029925187032419 0.35608856088560886 0.04738154613466334 0.055350553505535055
3 0.08104738154613467 0.0959409594095941 0.04239401496259352 0.06642066420664207
3 0.6845386533665836 0.48523985239852396 0.04239401496259352 0.04797047970479705
3 0.986284289276808 0.02214022140221402 0.02743142144638404 0.03690036900369004
3 0.4164588528678304 0.514760147601476 0.0399002493765586 0.055350553505535055
3 0.5461346633416458 0.25276752767527677 0.05486284289276808 0.07011070110701106
3 0.6496259351620948 0.08118081180811808 0.04738154613466334 0.05904059040590406
3 0.19576059850374064 0.07933579335793357 0.04738154613466334 0.06273062730627306
3 0.5261845386533666 0.7195571955719557 0.04488778054862843 0.06642066420664207
3 0.9476309226932669 0.503690036900369 0.04987531172069826 0.055350553505535055
3 0.6034912718204489 0.6014760147601476 0.04488778054862843 0.07380073800738007
3 0.527431421446384 0.8007380073800738 0.04239401496259352 0.05904059040590406
3 0.10224438902743142 0.17158671586715868 0.0399002493765586 0.055350553505535055
3 0.38902743142144636 0.22693726937269373 0.04987531172069826 0.08487084870848709
