3 0.20284237726098192 0.2523076923076923 0.04909560723514212 0.08
3 0.10723514211886305 0.10615384615384615 0.059431524547803614 0.08307692307692308
3 0.35012919896640826 0.12 0.06976744186046512 0.06153846153846154
3 0.3992248062015504 0.45692307692307693 0.05426356589147287 0.07076923076923076
3 0.09560723514211886 0.5784615384615385 0.06201550387596899 0.07384615384615385
3 0.11369509043927649 0.816923076923077 0.06201550387596899 0.07076923076923076
3 0.26744186046511625 0.7153846153846154 0.07493540051679587 0.06461538461538462
3 0.24289405684754523 0.796923076923077 0.056847545219638244 0.06769230769230769
3 0.42377260981912146 0.7123076923076923 0.06718346253229975 0.07692307692307693
3 0.6692506459948321 0.536923076923077 0.06718346253229975 0.07692307692307693
3 0.6395348837209303 0.42 0.07493540051679587 0.05846153846153846
3 0.7093023255813954 0.39692307692307693 0.059431524547803614 0.06153846153846154
3 0.7196382428940569 0.78 0.04392764857881137 0.05846153846153846
3 0.6679586563307494 0.6092307692307692 0.07493540051679587 0.06153846153846154
3 0.5542635658914729 0.9092307692307692 0.06976744186046512 0.07076923076923076
3 0.7428940568475452 0.8384615384615385 0.06459948320413436 0.07076923076923076
3 0.8268733850129198 0.8369230769230769 0.06718346253229975 0.055384615384615386
3 0.8229974160206718 0.9769230769230769 0.059431524547803614 0.046153846153846156
