3 0.16272965879265092 0.2770034843205575 0.05249343832020997 0.06620209059233449
3 0.2559055118110236 0.11498257839721254 0.05511811023622047 0.06968641114982578
3 0.47112860892388453 0.15331010452961671 0.04461942257217848 0.0627177700348432
3 0.4566929133858268 0.22473867595818817 0.05249343832020997 0.06620209059233449
3 0.7322834645669292 0.3501742160278746 0.06299212598425197 0.06620209059233449
3 0.4868766404199475 0.4337979094076655 0.04461942257217848 0.06620209059233449
3 0.5616797900262467 0.4547038327526132 0.05249343832020997 0.059233449477351915
3 0.7729658792650919 0.4686411149825784 0.05511811023622047 0.07317073170731707
3 0.7322834645669292 0.5696864111498258 0.05774278215223097 0.06620209059233449
3 0.7860892388451444 0.6498257839721254 0.06561679790026247 0.059233449477351915
3 0.23622047244094488 0.6742160278745645 0.06299212598425197 0.07317073170731707
3 0.5393700787401575 0.7560975609756098 0.06036745406824147 0.06968641114982578
3 0.6587926509186351 0.6498257839721254 0.047244094488188976 0.07317073170731707
3 0.07349081364829396 0.6585365853658537 0.06299212598425197 0.0627177700348432
3 0.1089238845144357 0.47038327526132406 0.049868766404199474 0.0627177700348432
3 0.20866141732283464 0.41114982578397213 0.05511811023622047 0.06968641114982578
3 0.1994750656167979 0.343205574912892 0.05249343832020997 0.06620209059233449
3 0.9396325459317585 0.3989547038327526 0.05774278215223097 0.08710801393728224
3 0.9671916010498688 0.764808362369338 0.049868766404199474 0.059233449477351915
3 0.4671916010498688 0.5365853658536586 0.047244094488188976 0.0627177700348432
3 0.44881889763779526 0.681184668989547 0.05774278215223097 0.08710801393728224
3 0.4015748031496063 0.7160278745644599 0.06299212598425197 0.06620209059233449
3 0.541994750656168 0.9494773519163763 0.04461942257217848 0.059233449477351915
3 0.49081364829396323 0.8327526132404182 0.05774278215223097 0.07665505226480836
3 0.6981627296587927 0.8153310104529616 0.047244094488188976 0.05574912891986063
3 0.7913385826771654 0.9233449477351916 0.049868766404199474 0.06968641114982578
3 0.12467191601049869 0.5993031358885017 0.06036745406824147 0.0627177700348432
