3 0.24933333333333332 0.030249110320284697 0.050666666666666665 0.05338078291814947
3 0.20266666666666666 0.17437722419928825 0.042666666666666665 0.06405693950177936
3 0.034666666666666665 0.2508896797153025 0.048 0.06761565836298933
3 0.5346666666666666 0.05338078291814947 0.04533333333333334 0.0711743772241993
3 0.5786666666666667 0.028469750889679714 0.05333333333333334 0.0498220640569395
3 0.4706666666666667 0.20640569395017794 0.04533333333333334 0.07829181494661921
3 0.512 0.2491103202846975 0.05333333333333334 0.08540925266903915
3 0.3973333333333333 0.33807829181494664 0.042666666666666665 0.0711743772241993
3 0.408 0.41637010676156583 0.048 0.05693950177935943
3 0.19333333333333333 0.5765124555160143 0.056 0.07829181494661921
3 0.164 0.6619217081850534 0.056 0.06405693950177936
3 0.5186666666666667 0.7900355871886121 0.04533333333333334 0.07829181494661921
3 0.7786666666666666 0.5320284697508897 0.042666666666666665 0.06761565836298933
3 0.96 0.40747330960854095 0.048 0.060498220640569395
3 0.164 0.7295373665480427 0.056 0.0711743772241993
3 0.2826666666666667 0.5302491103202847 0.058666666666666666 0.06405693950177936
3 0.5706666666666667 0.7811387900355872 0.05333333333333334 0.07473309608540925
3 0.576 0.701067615658363 0.05333333333333334 0.0711743772241993
