3 0.28880407124681934 0.2945619335347432 0.06361323155216285 0.06948640483383686
3 0.22519083969465647 0.2764350453172205 0.058524173027989825 0.05740181268882175
3 0.05979643765903308 0.49244712990936557 0.06361323155216285 0.06646525679758308
3 0.4083969465648855 0.2945619335347432 0.06361323155216285 0.06948640483383686
3 0.8346055979643766 0.8187311178247734 0.061068702290076333 0.07250755287009064
3 0.08778625954198473 0.7552870090634441 0.06870229007633588 0.07854984894259819
3 0.08015267175572519 0.8308157099697885 0.058524173027989825 0.07854984894259819
3 0.11068702290076336 0.8700906344410876 0.058524173027989825 0.054380664652567974
3 0.6997455470737913 0.37462235649546827 0.05597964376590331 0.06042296072507553
3 0.08651399491094147 0.027190332326283987 0.061068702290076333 0.04833836858006042
3 0.9694656488549618 0.9033232628398792 0.05597964376590331 0.08459214501510574
3 0.8994910941475827 0.1042296072507553 0.04834605597964377 0.06948640483383686
3 0.7582697201017812 0.3323262839879154 0.05089058524173028 0.06042296072507553
