3 0.5421994884910486 0.6337386018237082 0.056265984654731455 0.06382978723404255
3 0.5959079283887468 0.5516717325227963 0.04603580562659847 0.06382978723404255
3 0.2531969309462916 0.46504559270516715 0.05115089514066496 0.0668693009118541
3 0.06777493606138107 0.3069908814589666 0.04859335038363171 0.0486322188449848
3 0.41687979539641945 0.3951367781155015 0.04092071611253197 0.060790273556231005
3 0.44501278772378516 0.35714285714285715 0.04603580562659847 0.06382978723404255
3 0.18414322250639387 0.18541033434650456 0.05115089514066496 0.0668693009118541
3 0.7647058823529411 0.43465045592705165 0.05115089514066496 0.060790273556231005
3 0.7097186700767263 0.30243161094224924 0.05370843989769821 0.057750759878419454
3 0.8721227621483376 0.5896656534954408 0.061381074168797956 0.0547112462006079
3 0.34782608695652173 0.7173252279635258 0.056265984654731455 0.0729483282674772
3 0.489769820971867 0.5486322188449848 0.04859335038363171 0.06382978723404255
3 0.829923273657289 0.45896656534954405 0.05370843989769821 0.0729483282674772
3 0.2851662404092072 0.3890577507598784 0.043478260869565216 0.0425531914893617
3 0.41304347826086957 0.2826747720364742 0.05370843989769821 0.060790273556231005
