3 0.15517241379310345 0.08421052631578947 0.050397877984084884 0.06315789473684211
3 0.3594164456233422 0.12105263157894737 0.05570291777188329 0.07368421052631578
3 0.7374005305039788 0.24736842105263157 0.04774535809018567 0.06666666666666667
3 0.09283819628647215 0.32105263157894737 0.05305039787798409 0.08070175438596491
3 0.33156498673740054 0.2736842105263158 0.058355437665782495 0.07017543859649122
3 0.3302387267904509 0.20526315789473684 0.05570291777188329 0.05964912280701754
3 0.6790450928381963 0.3333333333333333 0.042440318302387266 0.07017543859649122
3 0.40185676392572944 0.743859649122807 0.04509283819628647 0.06315789473684211
3 0.20822281167108753 0.8175438596491228 0.050397877984084884 0.07719298245614035
3 0.5 0.8578947368421053 0.03978779840848806 0.08070175438596491
3 0.5941644562334217 0.8912280701754386 0.05305039787798409 0.07017543859649122
3 0.9124668435013262 0.9596491228070175 0.04774535809018567 0.06666666666666667
3 0.9429708222811671 0.07894736842105263 0.04509283819628647 0.06666666666666667
3 0.7320954907161804 0.3263157894736842 0.05305039787798409 0.07017543859649122
