3 0.4658792650918635 0.15156794425087108 0.06561679790026247 0.06620209059233449
3 0.5879265091863517 0.04878048780487805 0.047244094488188976 0.06968641114982578
3 0.7139107611548556 0.04878048780487805 0.06299212598425197 0.0627177700348432
3 0.9304461942257218 0.050522648083623695 0.05511811023622047 0.07317073170731707
3 0.9028871391076115 0.17421602787456447 0.047244094488188976 0.06968641114982578
3 0.9698162729658792 0.32229965156794427 0.05511811023622047 0.07317073170731707
3 0.699475065616798 0.397212543554007 0.05511811023622047 0.0627177700348432
3 0.6233595800524935 0.21602787456445993 0.049868766404199474 0.0627177700348432
3 0.40551181102362205 0.4250871080139373 0.07086614173228346 0.07665505226480836
3 0.515748031496063 0.5052264808362369 0.05511811023622047 0.08362369337979095
3 0.6377952755905512 0.554006968641115 0.06299212598425197 0.0627177700348432
3 0.6377952755905512 0.8501742160278746 0.05774278215223097 0.0627177700348432
3 0.030183727034120734 0.4738675958188153 0.05511811023622047 0.0627177700348432
3 0.15354330708661418 0.05400696864111498 0.06561679790026247 0.06620209059233449
3 0.37139107611548555 0.07665505226480836 0.06561679790026247 0.09059233449477352
3 0.32677165354330706 0.10627177700348432 0.07086614173228346 0.06620209059233449
3 0.7165354330708661 0.32926829268292684 0.05249343832020997 0.06620209059233449
3 0.41338582677165353 0.23170731707317074 0.06561679790026247 0.07317073170731707
3 0.01968503937007874 0.6759581881533101 0.03412073490813648 0.08362369337979095
3 0.18110236220472442 0.8501742160278746 0.05774278215223097 0.05574912891986063
3 0.22178477690288714 0.3780487804878049 0.05511811023622047 0.06620209059233449
3 0.45931758530183725 0.9686411149825784 0.05249343832020997 0.0627177700348432
