3 0.2821522309711286 0.13551401869158877 0.04461942257217848 0.0529595015576324
3 0.17454068241469817 0.3302180685358255 0.05511811023622047 0.06230529595015576
3 0.47112860892388453 0.26791277258566976 0.049868766404199474 0.06230529595015576
3 0.46194225721784776 0.35202492211838005 0.05774278215223097 0.06230529595015576
3 0.5813648293963255 0.24299065420560748 0.05511811023622047 0.06853582554517133
3 0.5196850393700787 0.06230529595015576 0.05249343832020997 0.06853582554517133
3 0.3766404199475066 0.0529595015576324 0.06036745406824147 0.06853582554517133
3 0.2650918635170604 0.7289719626168224 0.05249343832020997 0.056074766355140186
3 0.1968503937007874 0.7476635514018691 0.05249343832020997 0.06230529595015576
3 0.2020997375328084 0.9158878504672897 0.05774278215223097 0.06230529595015576
3 0.4671916010498688 0.6090342679127726 0.05774278215223097 0.059190031152647975
3 0.589238845144357 0.559190031152648 0.06561679790026247 0.07165109034267912
3 0.916010498687664 0.6059190031152648 0.05249343832020997 0.06542056074766354
3 0.8031496062992126 0.3395638629283489 0.06299212598425197 0.06853582554517133
3 0.8727034120734908 0.30218068535825543 0.05511811023622047 0.06853582554517133
3 0.04068241469816273 0.04361370716510903 0.049868766404199474 0.06230529595015576
3 0.9763779527559056 0.9221183800623053 0.047244094488188976 0.09345794392523364
3 0.8307086614173228 0.3956386292834891 0.06036745406824147 0.06230529595015576
3 0.07742782152230972 0.9236760124610592 0.05511811023622047 0.06542056074766354
3 0.2782152230971129 0.8566978193146417 0.06299212598425197 0.04984423676012461
3 0.484251968503937 0.0794392523364486 0.05511811023622047 0.059190031152647975
