3 0.6194805194805195 0.4342560553633218 0.04935064935064935 0.0726643598615917
3 0.21298701298701297 0.5069204152249135 0.05714285714285714 0.058823529411764705
3 0.3987012987012987 0.3096885813148789 0.03896103896103896 0.0657439446366782
3 0.6623376623376623 0.31833910034602075 0.06233766233766234 0.06228373702422145
3 0.14675324675324675 0.7474048442906575 0.05454545454545454 0.06920415224913495
3 0.2025974025974026 0.726643598615917 0.046753246753246755 0.05536332179930796
3 0.2805194805194805 0.7889273356401384 0.05194805194805195 0.06920415224913495
3 0.2753246753246753 0.8771626297577855 0.046753246753246755 0.058823529411764705
3 0.2688311688311688 0.9740484429065744 0.06493506493506493 0.05190311418685121
3 0.4987012987012987 0.967128027681661 0.05194805194805195 0.031141868512110725
3 0.8649350649350649 0.8131487889273357 0.046753246753246755 0.08996539792387544
3 0.887012987012987 0.884083044982699 0.05974025974025974 0.0657439446366782
3 0.8064935064935065 0.9377162629757786 0.04415584415584416 0.06920415224913495
3 0.525974025974026 0.5916955017301038 0.04415584415584416 0.06228373702422145
3 0.41818181818181815 0.029411764705882353 0.05194805194805195 0.05190311418685121
3 0.34805194805194806 0.4186851211072664 0.05194805194805195 0.06228373702422145
